53231338
50676238
50676236
42551457
53425328
50065236
45857498
54755323
54755244
54756000
53403099
54667232
51446225
53206745
52496394
55111285
54755748
54755651
54755912
52559478
55344475
55344304
51250082
52973666
46702013
54281129
53599665
55391420
54856429
54536193
54536192
44820647
52973321
55358769
53940748
53617152
51373532
54906760
55344585
55344531
49972891
52250830
51904877
54833996
52974056
54749739
51989554
53404487
53826216
55162301
52091349
52015482
54545714
42972657
48651690
46328930
54882470
54088280
55056648
55056649
52162907
53431176
54242407
54882199
50470249
29908582
53433698
53432774
53431179
53431183
52163037
51403335
52163036
52570950
52753665
53074951
53074762
52163038
54569701
52776340
49659150
39997507
52784462
55412339
